110
5 12 1
25 12 0
30 5 0
38 10 1
41 4 0
43 3 0
56 13 1
59 51 1
61 36 0
66 9 0
66 15 1
105 15 0
106 9 1
156 5 1
169 3 1
173 0 0
178 2 0
185 25 1
185 16 1
186 13 0
188 15 0
212 7 1
215 0 1
233 5 0
245 9 0
247 25 0
251 15 1
261 11 1
267 5 0
272 9 1
312 0 0
324 7 1
331 14 1
342 0 0
355 28 1
369 13 0
377 1 1
382 4 1
392 14 0
398 0 1
402 6 1
406 1 1
419 31 1
419 4 1
431 3 0
435 10 0
438 10 1
440 4 1
444 47 1
462 1 0
474 14 0
479 12 1
483 26 0
487 0 1
505 11 0
506 6 0
521 0 0
528 0 0
529 0 0
542 15 1
543 23 1
551 3 1
551 20 0
558 4 1
577 0 1
580 6 0
583 14 1
588 3 0
603 6 1
607 24 1
617 1 1
630 4 1
638 7 0
645 3 1
653 17 0
659 3 0
663 34 1
670 4 0
677 5 0
692 11 0
727 3 1
730 5 0
734 1 1
736 18 1
754 8 1
761 25 1
765 1 1
779 27 1
791 10 0
804 49 1
804 6 0
810 17 1
821 2 0
825 4 1
836 21 0
839 2 0
887 6 1
894 27 0
898 0 1
915 5 1
920 13 1
921 4 0
924 1 0
930 5 1
933 1 1
938 5 0
944 0 1
944 20 1
947 19 0
955 32 0
